1194
4
16
0
0
1
17409
0
0
0
17413
32
2
6
0
2




1
50000
50000
50000
0
0
0
0
-28
1
-144
1
20
5
1
20
0
0
400
10000
10000
0
2
-5
0
-144
-48
-12
-6
0
-144
-48
-12
-7
-4
200
-144
0
0
1
0
0
0
0
0
0
0
0
0
1
1
440
300
6000
-96
-96
-96
-96
-96
-96
-96
-96
0
0
-12
-12
-12
-12
11468
32767
32767
32767
32767
23000
23000
23000
23000
31
61
20
20
20
20
20
20
20
20
-48
-48
0
1
0
1000
4000
12000
-6
-6
-6
-6
-6
-6
-6
-6
14745
6
80
12000
16000
-28
-18
-18
-28
20
16
16
20
23000
23000
23000
23000
20000
8192
8192
16000
12
12
12
12
1
36
98
0
6
3
-12
1
0
-2
5000
7000
3
-12
-5
0
-20
30
100
1
9830
1638
655
0
-20
0
-5
300
300
0
32767
0
0
100
0
0
0
1
0
100
0
200
0
0
32767
0
4
10976
0
-96
28642
0
0
-13
16384
16384
16384
16384
16384
-12
-18
96
440
6826
6826
6826
6826
6826
0
0
30
60
-15
-15
0
0
-6
-6
1000
1000
6
6
0
0
300
0
100
1
1
21000
1
40
1
1
3
-512
300
100
0
0
0
0
3
10
1000
1
3
1024
250
80
0
0
0
0
3
10
1000
1
3
1024
15000
64
0
0
0
0
3
10
1000
1
3
512
4000
72
0
0
0
0
3
10
1000
1
3
512
600
96
0
0
0
0
3
10
1000
1
3
512
1500
140
0
0
0
0
3
10
1000
0
3
0
20
96
0
0
0
0
3
10
1000
0
3
0
20
96
0
0
0
0
3
10
1000
0
3
0
20
96
0
0
0
0
3
10
1000
0
3
0
20
96
0
0
0
0
3
10
1000
2
13
1
2
3
3
-144
2
20
5
0
20
0
0
20
1000
1000
0
96
-5
0
-144
-59
-39
0
48
-144
-59
-39
-37
-35
200
-144
0
-21
200
4
0
20
0
0
400
8000
8000
0
96
-5
0
-144
-24
-6
48
48
-144
-24
-6
48
-2
200
-144
0
-21
12000
4
0
20
0
0
400
8000
8000
0
96
-5
0
-144
-24
-6
0
48
-144
-24
-6
-4
-2
200
-144
0
0
20
2
1
20
0
0
10000
10000
10000
0
2
-5
0
-96
0
0
0
0
-96
0
0
0
0
200
-144
1
0
20
2
1
20
0
0
10000
10000
10000
0
2
-5
0
-96
0
0
0
0
-96
0
0
0
0
200
-144
1
0
1
20
5
1
20
0
20
400
30000
120000
10000
12
-5
4000
-144
-30
-10
0
48
-144
-30
-28
-27
-24
200
-144
1
-1
0
0
1
0
-15
-55
-15
-96
4
96
-16
9
0
200
10
20
10
4000
0
2
1
6
0
2
1
6
1
1
-15
-15
100
0
-15
-15
-20
-96
6
6
6
6
12
18
18
0
0
86
32767
6826
6826
6826
6826
6826
6826
6826
6826
6826
6826
6826
6826
6826
6826
6826
6826
6826
6826
6826
6826
6826
6826
6826
6826
6826
6826
6826
6826
6826
6826


1
50000
50000
50000
0
0
0
0
-28
1
-144
1
20
5
1
20
0
0
400
10000
10000
0
2
-5
0
-144
-48
-12
-6
0
-144
-48
-12
-7
-4
200
-144
0
0
1
0
0
0
0
0
0
0
0
0
1
1
440
300
6000
-96
-96
-96
-96
-96
-96
-96
-96
0
0
-12
-12
-12
-12
11468
32767
32767
32767
32767
23000
23000
23000
23000
31
61
20
20
20
20
20
20
20
20
-48
-48
0
1
0
1000
4000
12000
0
0
0
0
0
0
0
0
14745
6
200
8000
11000
-32
-20
-20
-28
18
14
14
14
28000
28000
28000
28000
20000
20000
20000
20000
12
12
12
12
1
0
70
0
6
0
-9
1
0
0
5000
7000
0
-10
-5
0
-10
0
70
0
7200
1638
655
0
0
0
0
300
300
0
32767
0
0
100
0
0
0
1
0
100
0
200
0
0
32767
0
4
10976
0
-96
28642
0
0
-13
16384
16384
16384
16384
16384
-12
-18
96
440
6826
6826
6826
6826
6826
0
0
30
60
-15
-15
0
0
-6
-6
1000
1000
6
6
0
0
300
0
100
1
1
21000
1
50
1
1
4
-1024
400
100
0
0
0
0
3
10
1000
1
3
1024
250
80
0
0
0
0
3
10
1000
1
3
1024
15000
64
0
0
0
0
3
10
1000
1
3
512
4000
72
0
0
0
0
3
10
1000
1
3
512
600
96
0
0
0
0
3
10
1000
1
3
512
1500
140
0
0
0
0
3
10
1000
0
3
0
20
96
0
0
0
0
3
10
1000
0
3
0
20
96
0
0
0
0
3
10
1000
0
3
0
20
96
0
0
0
0
3
10
1000
0
3
0
20
96
0
0
0
0
3
10
1000
2
25
1
2
3
3
-144
2
20
5
0
20
0
0
20
1000
1000
0
96
-5
0
-144
-59
-39
0
48
-144
-59
-39
-37
-35
200
-144
0
-21
200
4
0
20
0
0
400
8000
8000
0
96
-5
0
-144
-24
-6
48
48
-144
-24
-6
48
-2
200
-144
0
-21
12000
4
0
20
0
0
400
8000
8000
0
96
-5
0
-144
-24
-6
0
48
-144
-24
-6
-4
-2
200
-144
0
0
20
2
1
20
0
0
10000
10000
10000
0
2
-5
0
-96
0
0
0
0
-96
0
0
0
0
200
-144
1
0
20
2
1
20
0
0
10000
10000
10000
0
2
-5
0
-96
0
0
0
0
-96
0
0
0
0
200
-144
1
0
1
20
5
1
20
0
5
400
30000
120000
10000
0
-5
4000
-144
-15
-9
0
48
-144
-15
-16
-16
-8
200
-144
1
-1
0
0
1
0
-15
-55
-15
-96
4
96
-16
9
0
200
10
20
10
4000
0
2
1
6
0
2
1
6
1
1
-15
-15
100
0
-15
-15
-20
-96
6
6
6
6
12
18
18
0
0
86
32767
6826
6826
6826
6826
6826
6826
6826
6826
6826
6826
6826
6826
6826
6826
6826
6826
6826
6826
6826
6826
6826
6826
6826
6826
6826
6826
6826
6826
6826
6826
