S,1,2,1,1,1,1,-17,1,-23,0,200,400,500,1000,100,100,100,100,100,5,0,200,400,500,1000,10,20,30,40,50,5,0,200,400,500,1000,50,50,50,50,50,5,0,200,400,500,1000,10,20,30,40,50,5,0,200,400,500,1000,10,20,30,40,50,5,0,200,400,500,1000,10,20,30,40,50,5,-1,500,1000,500,-1,0,1000,1000,-1

AFH,1,85,0
AFM,1,9,9,7,2,2,5,6,5,3,-11,-10,-13,-15,-15,-14,-11,-11,-12,8,8,8,10,10,20,20,20,20,150,150,150,150,150,150,150,150,150,3,10,0,1,2,0,10,150,-85,-60,-40,-24,0,-95,-53,-31,-22,-11,5,-85,-60,-40,-25,0,-95,-53,-30,-20,-10,5,230,230,120,120,2,0,4,0,2,0,4,0,-10,-20,25,150,-1,300
AFP,1,9,9,7,2,2,5,6,5,3,-12,-14,-17,-19,-18,-16,-12,-12,-13,8,8,8,10,10,20,20,20,20,150,150,150,150,150,150,150,150,150,3,10,0,1,0,-2,10,150,-85,-60,-40,-24,0,-95,-53,-31,-23,-12,5,-85,-60,-40,-25,0,-95,-53,-30,-21,-12,5,230,230,120,120,2,0,4,0,2,0,4,0,-10,-20,25,150,-1,300
AFC,1,6,7,7,4,6,9,6,3,0,-11,-10,-13,-15,-15,-14,-11,-11,-12,8,8,8,10,10,20,20,20,20,150,150,150,150,150,150,150,150,150,3,10,0,1,2,0,10,150,-85,-60,-40,-24,0,-95,-53,-31,-22,-11,5,-85,-60,-40,-25,0,-95,-53,-30,-20,-10,5,230,230,120,120,2,0,4,0,2,0,4,0,-10,-20,25,150,-1,300
AFAM,1,1,170,160,3,1,350,200,-2,1,520,160,-5,1,720,260,-15,1,1050,300,-3,1,1900,1200,-3,1,2800,1600,-14,1,5400,2200,3,1,7400,2400,3,1,10000,1800,-6,1,6500,2000,3,2,15000,1800,-2,1,2700,400,-2,0,4600,1100,5,0,1600,400,-2,0,3100,700,2,0,6500,800,-2,0,12000,4000,-2,0,1500,1000,-1,0,1000,200,7
AFAP,1,1,170,160,3,1,350,200,-3,1,520,160,-6,1,720,260,-17,1,1050,300,-5,1,1900,1200,-2,1,2800,1600,-13,1,5400,2200,4,1,7400,2400,4,1,10000,1800,-5,1,6500,2000,3,2,15000,1800,-2,1,2700,400,-2,0,4600,1100,5,0,1600,400,-2,0,3100,700,2,0,6500,800,-2,0,12000,4000,-2,0,1500,1000,-1,0,1000,200,7
AFAC,1,1,170,160,3,1,350,200,-2,1,520,160,-5,1,720,260,-15,1,1050,300,-3,1,1900,1200,-3,1,2800,1600,-14,1,5400,2200,3,1,7400,2400,3,1,10000,1800,-6,1,6500,2000,3,2,15000,1800,-2,1,2700,400,-2,0,4600,1100,5,0,1600,400,-2,0,3100,700,2,0,6500,800,-2,0,12000,4000,-2,0,1500,1000,-1,0,1000,200,7
AMH,1,85,0
AMM,1,9,9,7,2,2,5,6,5,3,-11,-10,-13,-15,-15,-14,-11,-11,-12,8,8,8,10,10,20,20,20,20,150,150,150,150,150,150,150,150,150,3,10,0,1,2,0,10,150,-85,-60,-40,-24,0,-95,-53,-31,-22,-11,5,-85,-60,-40,-25,0,-95,-53,-30,-20,-10,5,230,230,120,120,2,0,4,0,2,0,4,0,-10,-20,25,150,-1,300
AMP,1,9,9,7,2,2,5,6,5,3,-12,-14,-17,-19,-18,-16,-12,-12,-13,8,8,8,10,10,20,20,20,20,150,150,150,150,150,150,150,150,150,3,10,0,1,0,-2,10,150,-85,-60,-40,-24,0,-95,-53,-31,-23,-12,5,-85,-60,-40,-25,0,-95,-53,-30,-21,-12,5,230,230,120,120,2,0,4,0,2,0,4,0,-10,-20,25,150,-1,300
AMC,1,6,7,7,4,6,9,6,3,0,-11,-10,-13,-15,-15,-14,-11,-11,-12,8,8,8,10,10,20,20,20,20,150,150,150,150,150,150,150,150,150,3,10,0,1,2,0,10,150,-85,-60,-40,-24,0,-95,-53,-31,-22,-11,5,-85,-60,-40,-25,0,-95,-53,-30,-20,-10,5,230,230,120,120,2,0,4,0,2,0,4,0,-10,-20,25,150,-1,300
AMAM,1,1,170,160,3,1,350,200,-2,1,520,160,-5,1,720,260,-15,1,1050,300,-3,1,1900,1200,-3,1,2800,1600,-14,1,5400,2200,3,1,7400,2400,3,1,10000,1800,-6,1,6500,2000,3,2,15000,1800,-2,1,2700,400,-2,0,4600,1100,5,0,1600,400,-2,0,3100,700,2,0,6500,800,-2,0,12000,4000,-2,0,1500,1000,-1,0,1000,200,7
AMAP,1,1,170,160,3,1,350,200,-3,1,520,160,-6,1,720,260,-17,1,1050,300,-5,1,1900,1200,-2,1,2800,1600,-13,1,5400,2200,4,1,7400,2400,4,1,10000,1800,-5,1,6500,2000,3,2,15000,1800,-2,1,2700,400,-2,0,4600,1100,5,0,1600,400,-2,0,3100,700,2,0,6500,800,-2,0,12000,4000,-2,0,1500,1000,-1,0,1000,200,7
AMAC,1,1,170,160,3,1,350,200,-2,1,520,160,-5,1,720,260,-15,1,1050,300,-3,1,1900,1200,-3,1,2800,1600,-14,1,5400,2200,3,1,7400,2400,3,1,10000,1800,-6,1,6500,2000,3,2,15000,1800,-2,1,2700,400,-2,0,4600,1100,5,0,1600,400,-2,0,3100,700,2,0,6500,800,-2,0,12000,4000,-2,0,1500,1000,-1,0,1000,200,7

BFH,1,85,0
BFM,1,9,9,7,4,3,6,5,4,4,-11,-10,-11,-10,-12,-11,-12,-13,-11,8,8,8,10,10,20,20,20,20,150,150,150,150,150,150,150,150,150,3,10,0,1,2,0,10,150,-85,-60,-40,-24,0,-95,-53,-31,-21,-11,5,-85,-60,-40,-25,0,-95,-53,-30,-20,-10,5,230,230,120,120,2,0,4,0,2,0,4,0,-10,-20,25,150,-1,300
BFP,1,9,9,7,4,3,6,5,4,4,-12,-13,-15,-14,-14,-13,-13,-14,-12,8,8,8,10,10,20,20,20,20,150,150,150,150,150,150,150,150,150,3,10,0,1,0,-2,10,150,-85,-60,-40,-24,0,-95,-53,-31,-22,-12,5,-85,-60,-40,-25,0,-95,-53,-30,-21,-12,5,230,230,120,120,2,0,4,0,2,0,4,0,-10,-20,25,150,-1,300
BFC,1,6,7,7,6,7,9,5,1,1,-11,-10,-11,-10,-12,-11,-12,-13,-11,8,8,8,10,10,20,20,20,20,150,150,150,150,150,150,150,150,150,3,10,0,1,2,0,10,150,-85,-60,-40,-24,0,-95,-53,-31,-21,-11,5,-85,-60,-40,-25,0,-95,-53,-30,-20,-10,5,230,230,120,120,2,0,4,0,2,0,4,0,-10,-20,25,150,-1,300
BFAM,1,1,190,180,2,1,360,160,-3,1,530,140,-7,1,720,220,-10,1,980,260,-4,1,2000,1600,2,1,3400,1200,3,1,5200,1400,-15,1,5900,1600,-8,1,8600,2800,-2,1,11500,2400,3,2,15000,1200,0,1,2700,400,-2,1,1300,300,2,1,9000,800,-2,1,400,40,-1,0,6500,800,-2,0,12000,4000,-2,0,1500,1000,-1,0,1000,200,7
BFAP,1,1,190,180,2,1,360,160,-4,1,530,140,-9,1,720,220,-12,1,980,260,-2,1,2000,1600,2,1,3400,1200,3,1,5200,1400,-14,1,5900,1600,-7,1,8600,2800,-3,1,11500,2400,3,2,15000,1200,0,1,2700,400,-2,1,1300,300,2,1,9000,800,-2,1,400,40,-1,0,6500,800,-2,0,12000,4000,-2,0,1500,1000,-1,0,1000,200,7
BFAC,1,1,190,180,2,1,360,160,-3,1,530,140,-7,1,720,220,-10,1,980,260,-4,1,2000,1600,2,1,3400,1200,3,1,5200,1400,-15,1,5900,1600,-8,1,8600,2800,-2,1,11500,2400,3,2,15000,1200,0,1,2700,400,-2,1,1300,300,2,1,9000,800,-2,1,400,40,-1,0,6500,800,-2,0,12000,4000,-2,0,1500,1000,-1,0,1000,200,7
BMH,1,85,0
BMM,1,9,9,7,4,3,6,5,4,4,-11,-10,-11,-10,-12,-11,-12,-13,-11,8,8,8,10,10,20,20,20,20,150,150,150,150,150,150,150,150,150,3,10,0,1,2,0,10,150,-85,-60,-40,-24,0,-95,-53,-31,-21,-11,5,-85,-60,-40,-25,0,-95,-53,-30,-20,-10,5,230,230,120,120,2,0,4,0,2,0,4,0,-10,-20,25,150,-1,300
BMP,1,9,9,7,4,3,6,5,4,4,-12,-13,-15,-14,-14,-13,-13,-14,-12,8,8,8,10,10,20,20,20,20,150,150,150,150,150,150,150,150,150,3,10,0,1,0,-2,10,150,-85,-60,-40,-24,0,-95,-53,-31,-22,-12,5,-85,-60,-40,-25,0,-95,-53,-30,-21,-12,5,230,230,120,120,2,0,4,0,2,0,4,0,-10,-20,25,150,-1,300
BMC,1,6,7,7,6,7,9,5,1,1,-11,-10,-11,-10,-12,-11,-12,-13,-11,8,8,8,10,10,20,20,20,20,150,150,150,150,150,150,150,150,150,3,10,0,1,2,0,10,150,-85,-60,-40,-24,0,-95,-53,-31,-21,-11,5,-85,-60,-40,-25,0,-95,-53,-30,-20,-10,5,230,230,120,120,2,0,4,0,2,0,4,0,-10,-20,25,150,-1,300
BMAM,1,1,190,180,2,1,360,160,-3,1,530,140,-7,1,720,220,-10,1,980,260,-4,1,2000,1600,2,1,3400,1200,3,1,5200,1400,-15,1,5900,1600,-8,1,8600,2800,-2,1,11500,2400,3,2,15000,1200,0,1,2700,400,-2,1,1300,300,2,1,9000,800,-2,1,400,40,-1,0,6500,800,-2,0,12000,4000,-2,0,1500,1000,-1,0,1000,200,7
BMAP,1,1,190,180,2,1,360,160,-4,1,530,140,-9,1,720,220,-12,1,980,260,-2,1,2000,1600,2,1,3400,1200,3,1,5200,1400,-14,1,5900,1600,-7,1,8600,2800,-3,1,11500,2400,3,2,15000,1200,0,1,2700,400,-2,1,1300,300,2,1,9000,800,-2,1,400,40,-1,0,6500,800,-2,0,12000,4000,-2,0,1500,1000,-1,0,1000,200,7
BMAC,1,1,190,180,2,1,360,160,-3,1,530,140,-7,1,720,220,-10,1,980,260,-4,1,2000,1600,2,1,3400,1200,3,1,5200,1400,-15,1,5900,1600,-8,1,8600,2800,-2,1,11500,2400,3,2,15000,1200,0,1,2700,400,-2,1,1300,300,2,1,9000,800,-2,1,400,40,-1,0,6500,800,-2,0,12000,4000,-2,0,1500,1000,-1,0,1000,200,7

CFH,1,50,0
CFM,0,0,0,0,0,0,0,0,0,0,0,0,0,0,0,0,0,0,0,0,0,0,0,0,0,0,0,0,0,0,0,0,0,0,0,0,0,0,0,0,0,0,0,0,0,0,0,0,0,0,0,0,0,0,0,0,0,0,0,0,0,0,0,0,0,0,0,0,0,0,0,0,0,0,0,0,0,0,0,0,0,0,0,0,100
CFP,0,0,0,0,0,0,0,0,0,0,0,0,0,0,0,0,0,0,0,0,0,0,0,0,0,0,0,0,0,0,0,0,0,0,0,0,0,0,0,0,0,0,0,0,0,0,0,0,0,0,0,0,0,0,0,0,0,0,0,0,0,0,0,0,0,0,0,0,0,0,0,0,0,0,0,0,0,0,0,0,0,0,0,0,100
CFC,0,0,0,0,0,0,0,0,0,0,0,0,0,0,0,0,0,0,0,0,0,0,0,0,0,0,0,0,0,0,0,0,0,0,0,0,0,0,0,0,0,0,0,0,0,0,0,0,0,0,0,0,0,0,0,0,0,0,0,0,0,0,0,0,0,0,0,0,0,0,0,0,0,0,0,0,0,0,0,0,0,0,0,0,100
CFAM,0,0,800,200,0,0,800,200,0,0,800,200,0,0,800,200,0,0,800,200,0,0,800,200,0,0,800,200,0,0,800,200,0,0,800,200,0,0,800,200,0,0,800,200,0,0,800,200,0,0,800,200,0,0,800,200,0,0,800,200,0,0,800,200,0,0,800,200,0,0,800,200,0,0,800,200,0,0,800,200,0
CFAP,0,0,800,200,0,0,800,200,0,0,800,200,0,0,800,200,0,0,800,200,0,0,800,200,0,0,800,200,0,0,800,200,0,0,800,200,0,0,800,200,0,0,800,200,0,0,800,200,0,0,800,200,0,0,800,200,0,0,800,200,0,0,800,200,0,0,800,200,0,0,800,200,0,0,800,200,0,0,800,200,0
CFAC,0,0,800,200,0,0,800,200,0,0,800,200,0,0,800,200,0,0,800,200,0,0,800,200,0,0,800,200,0,0,800,200,0,0,800,200,0,0,800,200,0,0,800,200,0,0,800,200,0,0,800,200,0,0,800,200,0,0,800,200,0,0,800,200,0,0,800,200,0,0,800,200,0,0,800,200,0,0,800,200,0
CMH,1,50,0
CMM,0,0,0,0,0,0,0,0,0,0,0,0,0,0,0,0,0,0,0,0,0,0,0,0,0,0,0,0,0,0,0,0,0,0,0,0,0,0,0,0,0,0,0,0,0,0,0,0,0,0,0,0,0,0,0,0,0,0,0,0,0,0,0,0,0,0,0,0,0,0,0,0,0,0,0,0,0,0,0,0,0,0,0,0,100
CMP,0,0,0,0,0,0,0,0,0,0,0,0,0,0,0,0,0,0,0,0,0,0,0,0,0,0,0,0,0,0,0,0,0,0,0,0,0,0,0,0,0,0,0,0,0,0,0,0,0,0,0,0,0,0,0,0,0,0,0,0,0,0,0,0,0,0,0,0,0,0,0,0,0,0,0,0,0,0,0,0,0,0,0,0,100
CMC,0,0,0,0,0,0,0,0,0,0,0,0,0,0,0,0,0,0,0,0,0,0,0,0,0,0,0,0,0,0,0,0,0,0,0,0,0,0,0,0,0,0,0,0,0,0,0,0,0,0,0,0,0,0,0,0,0,0,0,0,0,0,0,0,0,0,0,0,0,0,0,0,0,0,0,0,0,0,0,0,0,0,0,0,100
CMAM,0,0,800,200,0,0,800,200,0,0,800,200,0,0,800,200,0,0,800,200,0,0,800,200,0,0,800,200,0,0,800,200,0,0,800,200,0,0,800,200,0,0,800,200,0,0,800,200,0,0,800,200,0,0,800,200,0,0,800,200,0,0,800,200,0,0,800,200,0,0,800,200,0,0,800,200,0,0,800,200,0
CMAP,0,0,800,200,0,0,800,200,0,0,800,200,0,0,800,200,0,0,800,200,0,0,800,200,0,0,800,200,0,0,800,200,0,0,800,200,0,0,800,200,0,0,800,200,0,0,800,200,0,0,800,200,0,0,800,200,0,0,800,200,0,0,800,200,0,0,800,200,0,0,800,200,0,0,800,200,0,0,800,200,0
CMAC,0,0,800,200,0,0,800,200,0,0,800,200,0,0,800,200,0,0,800,200,0,0,800,200,0,0,800,200,0,0,800,200,0,0,800,200,0,0,800,200,0,0,800,200,0,0,800,200,0,0,800,200,0,0,800,200,0,0,800,200,0,0,800,200,0,0,800,200,0,0,800,200,0,0,800,200,0,0,800,200,0

DFH,1,50,0
DFM,0,0,0,0,0,0,0,0,0,0,0,0,0,0,0,0,0,0,0,0,0,0,0,0,0,0,0,0,0,0,0,0,0,0,0,0,0,0,0,0,0,0,0,0,0,0,0,0,0,0,0,0,0,0,0,0,0,0,0,0,0,0,0,0,0,0,0,0,0,0,0,0,0,0,0,0,0,0,0,0,0,0,0,0,100
DFP,0,0,0,0,0,0,0,0,0,0,0,0,0,0,0,0,0,0,0,0,0,0,0,0,0,0,0,0,0,0,0,0,0,0,0,0,0,0,0,0,0,0,0,0,0,0,0,0,0,0,0,0,0,0,0,0,0,0,0,0,0,0,0,0,0,0,0,0,0,0,0,0,0,0,0,0,0,0,0,0,0,0,0,0,100
DFC,0,0,0,0,0,0,0,0,0,0,0,0,0,0,0,0,0,0,0,0,0,0,0,0,0,0,0,0,0,0,0,0,0,0,0,0,0,0,0,0,0,0,0,0,0,0,0,0,0,0,0,0,0,0,0,0,0,0,0,0,0,0,0,0,0,0,0,0,0,0,0,0,0,0,0,0,0,0,0,0,0,0,0,0,100
DFAM,0,0,800,200,0,0,800,200,0,0,800,200,0,0,800,200,0,0,800,200,0,0,800,200,0,0,800,200,0,0,800,200,0,0,800,200,0,0,800,200,0,0,800,200,0,0,800,200,0,0,800,200,0,0,800,200,0,0,800,200,0,0,800,200,0,0,800,200,0,0,800,200,0,0,800,200,0,0,800,200,0
DFAP,0,0,800,200,0,0,800,200,0,0,800,200,0,0,800,200,0,0,800,200,0,0,800,200,0,0,800,200,0,0,800,200,0,0,800,200,0,0,800,200,0,0,800,200,0,0,800,200,0,0,800,200,0,0,800,200,0,0,800,200,0,0,800,200,0,0,800,200,0,0,800,200,0,0,800,200,0,0,800,200,0
DFAC,0,0,800,200,0,0,800,200,0,0,800,200,0,0,800,200,0,0,800,200,0,0,800,200,0,0,800,200,0,0,800,200,0,0,800,200,0,0,800,200,0,0,800,200,0,0,800,200,0,0,800,200,0,0,800,200,0,0,800,200,0,0,800,200,0,0,800,200,0,0,800,200,0,0,800,200,0,0,800,200,0
DMH,1,50,0
DMM,0,0,0,0,0,0,0,0,0,0,0,0,0,0,0,0,0,0,0,0,0,0,0,0,0,0,0,0,0,0,0,0,0,0,0,0,0,0,0,0,0,0,0,0,0,0,0,0,0,0,0,0,0,0,0,0,0,0,0,0,0,0,0,0,0,0,0,0,0,0,0,0,0,0,0,0,0,0,0,0,0,0,0,0,100
DMP,0,0,0,0,0,0,0,0,0,0,0,0,0,0,0,0,0,0,0,0,0,0,0,0,0,0,0,0,0,0,0,0,0,0,0,0,0,0,0,0,0,0,0,0,0,0,0,0,0,0,0,0,0,0,0,0,0,0,0,0,0,0,0,0,0,0,0,0,0,0,0,0,0,0,0,0,0,0,0,0,0,0,0,0,100
DMC,0,0,0,0,0,0,0,0,0,0,0,0,0,0,0,0,0,0,0,0,0,0,0,0,0,0,0,0,0,0,0,0,0,0,0,0,0,0,0,0,0,0,0,0,0,0,0,0,0,0,0,0,0,0,0,0,0,0,0,0,0,0,0,0,0,0,0,0,0,0,0,0,0,0,0,0,0,0,0,0,0,0,0,0,100
DMAM,0,0,800,200,0,0,800,200,0,0,800,200,0,0,800,200,0,0,800,200,0,0,800,200,0,0,800,200,0,0,800,200,0,0,800,200,0,0,800,200,0,0,800,200,0,0,800,200,0,0,800,200,0,0,800,200,0,0,800,200,0,0,800,200,0,0,800,200,0,0,800,200,0,0,800,200,0,0,800,200,0
DMAP,0,0,800,200,0,0,800,200,0,0,800,200,0,0,800,200,0,0,800,200,0,0,800,200,0,0,800,200,0,0,800,200,0,0,800,200,0,0,800,200,0,0,800,200,0,0,800,200,0,0,800,200,0,0,800,200,0,0,800,200,0,0,800,200,0,0,800,200,0,0,800,200,0,0,800,200,0,0,800,200,0
DMAC,0,0,800,200,0,0,800,200,0,0,800,200,0,0,800,200,0,0,800,200,0,0,800,200,0,0,800,200,0,0,800,200,0,0,800,200,0,0,800,200,0,0,800,200,0,0,800,200,0,0,800,200,0,0,800,200,0,0,800,200,0,0,800,200,0,0,800,200,0,0,800,200,0,0,800,200,0,0,800,200,0

EAFA,1,1,180,200,2,1,300,450,6,1,1300,800,3,1,7700,3000,6,1,11800,3000,5,0,0,-9
EAFB,1,1,180,200,2,1,300,450,6,1,1300,800,3,1,7700,3000,6,1,11800,3000,5,0,0,-6
EAFC,1,0,180,180,1,1,300,450,4,1,1300,800,2,1,7700,3000,4,1,11800,3000,3,0,-1,-3
EAFD,1,3,95,180,0,1,300,450,2,1,1300,800,1,1,7700,3000,2,1,11800,3000,1,0,-5,-1
EAFE,1,3,115,180,0,0,300,450,0,1,1300,800,0,0,7700,3000,0,0,11800,3000,0,0,-8,0

EAMA,1,1,180,200,3,1,300,450,8,1,1300,800,3,1,7700,3000,7,1,11800,3000,7,0,0,-9
EAMB,1,1,180,200,2,1,300,450,6,1,1300,800,3,1,7700,3000,6,1,11800,3000,5,0,0,-6
EAMC,1,0,180,180,1,1,300,450,4,1,1300,800,2,1,7700,3000,4,1,11800,3000,3,0,-1,-3
EAMD,1,3,95,180,0,1,300,450,2,1,1300,800,1,1,7700,3000,2,1,11800,3000,1,0,-5,-1
EAME,1,3,115,180,0,0,300,450,0,1,1300,800,0,0,7700,3000,0,0,11800,3000,0,0,-8,0

EBFA,1,1,190,220,2,1,300,450,6,1,1300,800,3,1,7500,5000,5,1,12000,2000,6,0,0,-9
EBFB,1,1,190,220,2,1,300,450,6,1,1300,800,3,1,7500,5000,5,1,12000,2000,6,0,0,-6
EBFC,1,0,180,180,1,1,300,450,4,1,1300,800,2,1,7500,5000,3,1,12000,2000,4,0,0,-3
EBFD,1,3,95,180,0,1,300,450,2,1,1300,800,1,1,7500,5000,1,1,12000,2000,2,0,-4,-1
EBFE,1,3,115,180,0,0,300,450,0,1,1300,800,0,0,7500,5000,0,0,12000,2000,0,0,-6,0

EBMA,1,1,190,220,3,1,300,450,8,1,1300,800,3,1,7500,5000,6,1,12000,2000,8,0,0,-9
EBMB,1,1,190,220,2,1,300,450,6,1,1300,800,3,1,7500,5000,5,1,12000,2000,6,0,0,-6
EBMC,1,0,180,180,1,1,300,450,4,1,1300,800,2,1,7500,5000,3,1,12000,2000,4,0,0,-3
EBMD,1,3,95,180,0,1,300,450,2,1,1300,800,1,1,7500,5000,1,1,12000,2000,2,0,-4,-1
EBME,1,3,115,180,0,0,300,450,0,1,1300,800,0,0,7500,5000,0,0,12000,2000,0,0,-6,0

ECFA,0,0,800,200,0,0,800,200,0,0,800,200,0,0,800,200,0,0,800,200,0,0,0,0
ECFB,0,0,800,200,0,0,800,200,0,0,800,200,0,0,800,200,0,0,800,200,0,0,0,0
ECFC,0,0,800,200,0,0,800,200,0,0,800,200,0,0,800,200,0,0,800,200,0,0,0,0
ECFD,0,0,800,200,0,0,800,200,0,0,800,200,0,0,800,200,0,0,800,200,0,0,0,0
ECFE,0,0,800,200,0,0,800,200,0,0,800,200,0,0,800,200,0,0,800,200,0,0,0,0

ECMA,0,0,800,200,0,0,800,200,0,0,800,200,0,0,800,200,0,0,800,200,0,0,0,0
ECMB,0,0,800,200,0,0,800,200,0,0,800,200,0,0,800,200,0,0,800,200,0,0,0,0
ECMC,0,0,800,200,0,0,800,200,0,0,800,200,0,0,800,200,0,0,800,200,0,0,0,0
ECMD,0,0,800,200,0,0,800,200,0,0,800,200,0,0,800,200,0,0,800,200,0,0,0,0
ECME,0,0,800,200,0,0,800,200,0,0,800,200,0,0,800,200,0,0,800,200,0,0,0,0

EDFA,0,0,800,200,0,0,800,200,0,0,800,200,0,0,800,200,0,0,800,200,0,0,0,0
EDFB,0,0,800,200,0,0,800,200,0,0,800,200,0,0,800,200,0,0,800,200,0,0,0,0
EDFC,0,0,800,200,0,0,800,200,0,0,800,200,0,0,800,200,0,0,800,200,0,0,0,0
EDFD,0,0,800,200,0,0,800,200,0,0,800,200,0,0,800,200,0,0,800,200,0,0,0,0
EDFE,0,0,800,200,0,0,800,200,0,0,800,200,0,0,800,200,0,0,800,200,0,0,0,0

EDMA,0,0,800,200,0,0,800,200,0,0,800,200,0,0,800,200,0,0,800,200,0,0,0,0
EDMB,0,0,800,200,0,0,800,200,0,0,800,200,0,0,800,200,0,0,800,200,0,0,0,0
EDMC,0,0,800,200,0,0,800,200,0,0,800,200,0,0,800,200,0,0,800,200,0,0,0,0
EDMD,0,0,800,200,0,0,800,200,0,0,800,200,0,0,800,200,0,0,800,200,0,0,0,0
EDME,0,0,800,200,0,0,800,200,0,0,800,200,0,0,800,200,0,0,800,200,0,0,0,0

